Remoteness          Win         Lose          Tie         Draw        Total
------------------------------------------------------------------------------
     Inf            0            0            0            0            0
       9            0            0            1            0            1
       8            0            0            9            0            9
       7            0            0           24            0           24
       6            0            0          138            0          138
       5          122            0          136            0          258
       4            0          124          264            0          388
       3          356            0          200            0          556
       2            0          508          200            0          708
       1         2358            0           80            0         2438
       0            0          942           16            0          958
------------------------------------------------------------------------------
Totals             2836         1574         1068            0         5478